t # 84
v 0 2
v 1 3
v 2 2
v 3 2
v 4 2
v 5 2
v 6 2
v 7 2
v 8 3
v 9 2
v 10 2
v 11 2
v 12 2
v 13 2
v 14 2
v 15 2
v 16 3
v 17 2
v 18 2
v 19 3
v 20 2
v 21 2
v 22 2
v 23 2
v 24 2
v 25 2
v 26 3
v 27 2
v 28 2
v 29 2
v 30 2
v 31 3
v 32 2
v 33 3
v 34 2
v 35 2
v 36 3
v 37 2
v 38 3
e 0 1 3
e 0 2 2
e 2 3 2
e 2 4 2
e 2 5 2
e 3 6 2
e 3 7 2
e 4 8 2
e 4 9 2
e 4 10 2
e 5 11 2
e 6 12 2
e 6 13 2
e 7 14 2
e 9 15 2
e 10 13 2
e 11 15 2
e 12 16 2
e 12 17 2
e 12 18 2
e 14 17 2
e 15 19 2
e 17 20 2
e 17 21 2
e 18 22 2
e 19 23 2
e 21 24 2
e 21 22 2
e 23 25 2
e 23 26 2
e 24 27 2
e 24 28 3
e 25 29 2
e 26 30 2
e 27 31 2
e 28 32 2
e 29 33 2
e 29 34 2
e 30 35 2
e 30 34 2
e 31 32 2
e 32 36 3
e 33 37 2
e 34 38 2
t # -1