t # 85
v 0 3
v 1 2
v 2 2
v 3 2
v 4 2
v 5 2
v 6 2
v 7 2
v 8 2
v 9 2
v 10 2
v 11 2
v 12 2
v 13 2
v 14 2
v 15 2
v 16 2
v 17 2
v 18 2
v 19 2
v 20 2
v 21 2
v 22 2
v 23 3
v 24 2
v 25 2
v 26 3
v 27 3
v 28 2
v 29 2
v 30 3
v 31 3
v 32 2
v 33 2
v 34 3
v 35 2
v 36 2
v 37 2
v 38 3
v 39 3
v 40 2
v 41 2
v 42 3
v 43 2
v 44 2
v 45 2
v 46 3
v 47 3
v 48 3
e 0 1 2
e 1 2 2
e 1 3 2
e 1 4 2
e 2 5 2
e 2 6 2
e 3 7 2
e 3 8 2
e 3 9 2
e 4 10 2
e 5 11 2
e 5 12 2
e 6 13 2
e 8 14 2
e 8 10 2
e 9 12 2
e 11 15 2
e 11 16 2
e 11 17 2
e 13 16 2
e 14 18 5
e 14 19 5
e 16 20 3
e 17 21 2
e 18 22 5
e 19 23 5
e 20 24 2
e 21 24 2
e 22 25 5
e 23 25 5
e 24 26 2
e 25 27 3
e 26 28 2
e 28 29 2
e 28 30 2
e 29 31 2
e 29 32 2
e 30 33 2
e 32 34 2
e 32 35 2
e 33 36 2
e 33 35 2
e 34 37 2
e 35 38 2
e 37 39 2
e 37 40 2
e 39 41 2
e 40 42 2
e 40 43 2
e 41 44 2
e 41 45 2
e 43 46 2
e 43 45 2
e 44 47 2
e 45 48 2
t # -1